# Created by Octave 4.0.3, Sat Jan 30 22:51:11 2021 KST <user@AL01434272.local>
# name: v
# type: matrix
# rows: 10
# columns: 1
 3999
 3299
 3690
 2320
 5399
 2999
 3149
 1989
 2120
 2425


